enemy_jiansudai_u: [20.1833, 5.8, 0]
enemy_second_step_bottom: [16.0333, -0.9, 0]
enemy_jiansudai_tunnel_top: [15.2667, 5.91667, 0]
enemy_beijing_tunnel_top: [8.73333, -6.83333, 0]
ally_jiansudai_tunnel_bottom: [5.88333, -4.98333, 0]
start: [0, 0, 0]
ally_outpost: [7.75, -5.55, 0]
home: [-0.7, -5.93333, 0]
enemy_jiansudai_tunnel_bottom: [15.3833, 2.61667, 0]
ally_fort: [3.33333, -0.916667, 0]
ally_beijing_tunnel_bottom: [8.61667, 4.98333, 0]
ally_beijing_tunnel_top: [12.8333, 4.85, 0]
ally_jiansudai_tunnel_top: [6, -7.66667, 0]
enemy_outpost: [13.7333, 3.56667, 0]
ally_second_step_bottom: [5.55, -1.96667, 0]
ally_highlands_gain: [9, 3.16667, 0]
enemy_highlands_gain: [12.5833, -5.08333, 0]
enemy_beijing_tunnel_bottom: [13.2167, -6.76667, 0]
ally_jiansudai_u: [1.05, -7.3, 0]
enemy_fly_land: [7.28333, 6.03333, 0]
enemy_fort: [18.2167, -1.08333, 0]
